0000000000111111001000000010000000000000010000000000000010000000
0000000000111111011000000101111110000000101111110000000101111110
0000000000111111011000001001111110000001001111110000001001111110
0000000000111111011000010001111110000010001111110000010001111110
0000000000111111011000100000000000000100000000000000100000000000
0000000000111111011001000000000000001000000000000001000000000000
0000000000111111011010000000000000010000000000000010000000000000
0000000000111111011100000000000000100000000000000100000000000000
0000000000111111011000000011111110000000011111110000000011111110
0000000000111111011000000101111110000000101111110000000101111110
0000000000111111011000001001111110000001001111110000001001111110
0000000000111111011000010001111110000010001111110000010001111110
0000000000111111011000100000000000000100000000000000100000000000
0000000000111111011001000000000000001000000000000001000000000000
0000000000111111011010000000000000010000000000000010000000000000
0000000000111111011100000000000000100000000000000100000000000000
0000000000111111011000000011111110000000011111110000000011111110
0000000000111111011000000101111110000000101111110000000101111110
0000000000111111011000001001111110000001001111110000001001111110
0000000000111111011000010001111110000010001111110000010001111110
0000000000111111011000100000000000000100000000000000100000000000
0000000000111111011001000000000000001000000000000001000000000000
0000000000111111011010000000000000010000000000000010000000000000
0000000000111111011100000000000000100000000000000100000000000000
0000000000111111011000000011111110000000011111110000000011111110
0000000000111111011000000101111110000000101111110000000101111110
0000000000111111011000001001111110000001001111110000001001111110
0000000000111111011000010001111110000010001111110000010001111110
0000000000111111011000100000000000000100000000000000100000000000
0000000000111111011001000000000000001000000000000001000000000000
0000000000111111011010000000000000010000000000000010000000000000
0000000000111111011100000000000000100000000000000100000000000000
0000000000111111011000000011111110000000011111110000000011111110
0000000000111111011000000101111110000000101111110000000101111110
0000000000111111011000001001111110000001001111110000001001111110
0000000000111111011000010001111110000010001111110000010001111110
0000000000111111011000100000000000000100000000000000100000000000
0000000000111111011001000000000000001000000000000001000000000000
0000000000111111011010000000000000010000000000000010000000000000
0000000000111111011100000000000000100000000000000100000000000000
0000000000111111011000000011111110000000011111110000000011111110
0000000000111111011000000101111110000000101111110000000101111110
0000000000111111011000001001111110000001001111110000001001111110
0000000000111111011000010001111110000010001111110000010001111110
0000000000111111011000100000000000000100000000000000100000000000
0000000000111111011001000000000000001000000000000001000000000000
0000000000111111011010000000000000010000000000000010000000000000
0000000000111111011100000000000000100000000000000100000000000000
0000000000111111011000000011111110000000011111110000000011111110
0000000000111111011000000101111110000000101111110000000101111110
0000000000111111011000001001111110000001001111110000001001111110
0000000000111111011000010001111110000010001111110000010001111110
0000000000111111011000100000000000000100000000000000100000000000
0000000000111111011001000000000000001000000000000001000000000000
0000000000111111011010000000000000010000000000000010000000000000
0000000000111111011100000000000000100000000000000100000000000000
0000000000111111011000000011111110000000011111110000000011111110
0000000000111111011000000101111110000000101111110000000101111110
0000000000111111011000001001111110000001001111110000001001111110
0000000000111111011000010001111110000010001111110000010001111110
0000000000111111011000100000000000000100000000000000100000000000
0000000000111111011001000000000000001000000000000001000000000000
0000000000111111011010000000000000010000000000000010000000000000
0000000000111111011100000000000000100000000000000100000000000000
0000000000111111011000000011111110000000011111110000000011111110
0000000000111111011000000101111110000000101111110000000101111110
0000000000111111011000001001111110000001001111110000001001111110
0000000000111111011000010001111110000010001111110000010001111110
0000000000111111011000100000000000000100000000000000100000000000
0000000000111111011001000000000000001000000000000001000000000000
0000000000111111011010000000000000010000000000000010000000000000
0000000000111111011100000000000000100000000000000100000000000000
0000000000111111011000000011111110000000011111110000000011111110
0000000000111111011000000101111110000000101111110000000101111110
0000000000111111011000001001111110000001001111110000001001111110
0000000000111111011000010001111110000010001111110000010001111110
0000000000111111011000100000000000000100000000000000100000000000
0000000000111111011001000000000000001000000000000001000000000000
0000000000111111011010000000000000010000000000000010000000000000
0000000000111111011100000001111110100000001111110100000001111110
0000000000111111011000000011111110000000011111110000000011111110
0000000000111111011000000101111110000000101111110000000101111110
0000000000111111011000001001111110000001001111110000001001111110
0000000000111111011000010001111110000010001111110000010001111110
0000000000111111011000100001111110000100001111110000100001111110
0000000000111111011001000001111110001000001111110001000001111110
0000000000111111011010000001111110010000001111110010000001111110
0000000000111111011100000001111110100000001111110100000001111110
0000000000111111011000000011111110000000011111110000000011111110
0000000000111111011000000101111110000000101111110000000101111110
0000000000111111011000001001111110000001001111110000001001111110
0000000000111111011000010001111110000010001111110000010001111110
0000000000111111011000100001111110000100001111110000100001111110
0000000000111111011001000001111110001000001111110001000001111110
0000000000111111011010000001111110010000001111110010000001111110
0000000000111111011100000001111110100000001111110100000001111110
0000000000111111011000000011111110000000011111110000000011111110
0000000000111111011000000101111110000000101111110000000101111110
0000000000111111011000001001111110000001001111110000001001111110
0000000000111111011000010001111110000010001111110000010001111110
0000000000111111011000100001111110000100001111110000100001111110
0000000000111111011001000001111110001000001111110001000001111110
0000000000111111011010000001111110010000001111110010000001111110
0000000000111111011100000001111110100000001111110100000001111110
0000000000111111011000000011111110000000011111110000000011111110
0000000000111111011000000101111110000000101111110000000101111110
0000000000111111011000001001111110000001001111110000001001111110
0000000000111111011000010001111110000010001111110000010001111110
0000000000111111011000100001111110000100001111110000100001111110
0000000000111111011001000001111110001000001111110001000001111110
0000000000111111011010000001111110010000001111110010000001111110
0000000000111111011100000001111110100000001111110100000001111110
0000000000111111011000000011111110000000011111110000000011111110
0000000000111111011000000101111110000000101111110000000101111110
0000000000111111011000001001111110000001001111110000001001111110
0000000000111111011000010001111110000010001111110000010001111110
0000000000111111011000100001111110000100001111110000100001111110
0000000000111111011001000001111110001000001111110001000001111110
0000000000111111011010000001111110010000001111110010000001111110
0000000000111111011100000001111110100000001111110100000001111110
0000000000111111011000000011111110000000011111110000000011111110
0000000000111111011000000101111110000000101111110000000101111110
0000000000111111011000001001111110000001001111110000001001111110
0000000000111111011000010001111110000010001111110000010001111110
0000000000111111011000100001111110000100001111110000100001111110
0000000000111111011001000001111110001000001111110001000001111110
0000000000111111011010000001111110010000001111110010000001111110
0000000000111111011100000001111110100000001111110100000001111110
0000000000111111011000000011111110000000011111110000000011111110
0000000000111111011000000101111110000000101111110000000101111110
0000000000111111011000001001111110000001001111110000001001111110
0000000000111111011000010001111110000010001111110000010001111110
0000000000111111011000100001111110000100001111110000100001111110
0000000000111111011001000001111110001000001111110001000001111110
0000000000111111011010000001111110010000001111110010000001111110
0000000000111111011100000001111110100000001111110100000001111110
0000000000111111011000000011111110000000011111110000000011111110
0000000000111111011000000101111110000000101111110000000101111110
0000000000111111011000001001111110000001001111110000001001111110
0000000000111111011000010001111110000010001111110000010001111110
0000000000111111011000100001111110000100001111110000100001111110
0000000000111111011001000001111110001000001111110001000001111110
0000000000111111011010000001111110010000001111110010000001111110
0000000000111111011100000001111110100000001111110100000001111110
0000000000111111011000000011111110000000011111110000000011111110
0000000000111111011000000101111110000000101111110000000101111110
0000000000111111011000001001111110000001001111110000001001111110
0000000000111111011000010001111110000010001111110000010001111110
0000000000111111011000100001111110000100001111110000100001111110
0000000000111111011001000001111110001000001111110001000001111110
0000000000111111011010000001111110010000001111110010000001111110
0000000000111111011100000001111110100000001111110100000001111110
0000000000111111011000000011111110000000011111110000000011111110
0000000000111111011000000101111110000000101111110000000101111110
0000000000111111011000001001111110000001001111110000001001111110
0000000000111111011000010001111110000010001111110000010001111110
0000000000111111011000100001111110000100001111110000100001111110
0000000000111111011001000001111110001000001111110001000001111110
0000000000111111011010000001111110010000001111110010000001111110
0000000000111111011100000001111110100000001111110100000001110000
0000000000111111011000000011111110000000011111110000000011111110
0000000000111111011000000101111110000000101111110000000101111110
0000000000111111011000001001111110000001001111110000001001111110
0000000000111111011000010001111110000010001111110000010001111110
0000000000111111011000100001111110000100001111110000100001111110
0000000000111111011001000001111110001000001111110001000001111110
0000000000111111011010000001111110010000001111110010000001111110
0000000000111111011100000001111110100000001111110100000001110000
0000000000111111011000000011111110000000011111110000000011111110
0000000000111111011000000101111110000000101111110000000101111110
0000000000111111011000001001111110000001001111110000001001111110
0000000000111111011000010001111110000010001111110000010001111110
0000000000111111011000100001111110000100001111110000100001111110
0000000000111111011001000001111110001000001111110001000001111110
0000000000111111011010000001111110010000001111110010000001111110
0000000000111111011100000001111110100000001111110100000001110000
0000000000111111011000000011111110000000011111110000000011111110
0000000000111111011000000101111110000000101111110000000101111110
0000000000111111011000001001111110000001001111110000001001111110
0000000000111111011000010001111110000010001111110000010001111110
0000000000111111011000100001111110000100001111110000100001111110
0000000000111111011001000001111110001000001111110001000001111110
0000000000111111011010000001111110010000001111110010000001000111
0000000000111111011100000001111110100000001111110100000001110000
0000000000111111011000000011111110000000011111110000000011111110
0000000000111111011000000101111110000000101111110000000101111110
0000000000111111011000001001111110000001001111110000001001111110
0000000000111111011000010001111110000010001111110000010001111110
0000000000111111011000100001111110000100001111110000100001111110
0000000000111111011001000001111110001000001111110001000001111110
0000000000111111011010000001111110010000001111110010000001000111
0000000000111111011100000001111110100000001111110100000001110000
0000000000111111011000000011111110000000011111110000000011111110
0000000000111111011000000101111110000000101111110000000101111110
0000000000111111011000001001111110000001001111110000001001111110
0000000000111111011000010001111110000010001111110000010001111110
0000000000111111011000100001111110000100001111110000100001111110
0000000000111111011001000001111110001000001111110001000001111110
0000000000111111011010000001111110010000001111110010000001000111
0000000000111111011100000001111110100000001111110100000001110000
0000000000111111011000000011111110000000011111110000000011111110
0000000000111111011000000101111110000000101111110000000101111110
0000000000111111011000001001111110000001001111110000001001111110
0000000000111111011000010001111110000010001111110000010001111110
0000000000111111011000100001111110000100001111110000100001111110
0000000000111111011001000001111110001000001111110001000001111110
0000000000111111011010000001111110010000001111110010000001000111
0000000000111111011100000001111110100000001111110100000001110000
0000000000111111011000000011111110000000011111110000000011111110
0000000000111111011000000101111110000000101111110000000101111110
0000000000111111011000001001111110000001001111110000001001111110
0000000000111111011000010001111110000010001111110000010001111110
0000000000111111011000100001111110000100001111110000100001111110
0000000000111111011001000001111110001000001111110001000001111110
0000000000111111011010000001111110010000001111110010000001000111
0000000000111111011100000001111110100000001111110100000001110000
0000000000111111011000000011111110000000011111110000000011111110
0000000000111111011000000101111110000000101111110000000101111110
0000000000111111011000001001111110000001001111110000001001111110
0000000000111111011000010001111110000010001111110000010001111110
0000000000111111011000100001111110000100001111110000100001111110
0000000000111111011001000001111110001000001111110001000001111110
0000000000111111011010000001111110010000001111110010000001000111
0000000000111111011100000001111110100000001111110100000001110000
0000000000111111011000000011111110000000011111110000000011111110
0000000000111111011000000101111110000000101111110000000101111110
0000000000111111011000001001111110000001001111110000001001111110
0000000000111111011000010001111110000010001111110000010001111110
0000000000111111011000100001111110000100001111110000100001111110
0000000000111111011001000001111110001000001111110001000001111110
0000000000111111011010000001111110010000001111110010000001000111
0000000000111111011100000001111110100000001111110100000001110000
0000000000111111011000000011111110000000011111110000000011111110
0000000000111111011000000101111110000000101111110000000101111110
0000000000111111011000001001111110000001001111110000001001111110
0000000000111111011000010001111110000010001111110000010001111110
0000000000111111011000100001111110000100001111110000100001111110
0000000000111111011001000001111110001000001111110001000001001110
0000000000111111011010000001111110010000001111110010000001000111
0000000000111111011100000001111110100000001111110100000001110000
0000000000111111011000000011111110000000011111110000000011111110
0000000000111111011000000101111110000000101111110000000101111110
0000000000111111011000001001111110000001001111110000001001111110
0000000000111111011000010001111110000010001111110000010001111110
0000000000111111011000100001111110000100001111110000100001111110
0000000000111111011001000001111110001000001111110001000001001110
0000000000111111011010000001111110010000001111110010000001000111
0000000000111111011100000001111110100000001111110100000001110000
0000000000111111011000000011111110000000011111110000000011111110
0000000000111111011000000101111110000000101111110000000101111110
0000000000111111011000001001111110000001001111110000001001111110
0000000000111111011000010001111110000010001111110000010001111110
0000000000111111011000100001111110000100001111110000100001111110
0000000000111111011001000001111110001000001111110001000001001110
0000000000111111011010000001111110010000001111110010000001000111
0000000000111111011100000001111110100000001111110100000001110000
0000000000111111011000000011111110000000011111110000000011111110
0000000000111111011000000101111110000000101111110000000101111110
0000000000111111011000001001111110000001001111110000001001111110
0000000000111111011000010001111110000010001111110000010001111110
0000000000111111011000100001111110000100001111110000100001111110
0000000000111111011001000001111110001000001111110001000001001110
0000000000111111011010000001111110010000001111110010000001000111
0000000000111111011100000001111110100000001111110100000001110000
0000000000111111011000000011111110000000011111110000000011111110
0000000000111111011000000101111110000000101111110000000101111110
0000000000111111011000001001111110000001001111110000001001111110
0000000000111111011000010001111110000010001111110000010001111110
0000000000111111011000100001111110000100001111110000100001111110
0000000000111111011001000001111110001000001111110001000001001110
0000000000111111011010000001111110010000001111110010000001000111
0000000000111111011100000001111110100000001111110100000001110000
0000000000111111011000000011111110000000011111110000000011111110
0000000000111111011000000101111110000000101111110000000101111110
0000000000111111011000001001111110000001001111110000001001111110
0000000000111111011000010001111110000010001111110000010001111110
0000000000111111011000100001111110000100001111110000100001111110
0000000000111111011001000001111110001000001111110001000001001110
0000000000111111011010000001111110010000001111110010000001000111
0000000000111111011100000001111110100000001111110100000001110000
0000000000111111011000000011111110000000011111110000000011111110
0000000000111111011000000101111110000000101111110000000101111110
0000000000111111011000001001111110000001001111110000001001111110
0000000000111111011000010001111110000010001111110000010001111110
0000000000111111011000100001111110000100001111110000100001111110
0000000000111111011001000001111110001000001111110001000001001110
0000000000111111011010000001111110010000001111110010000001000111
0000000000111111011100000001111110100000001111110100000001110000
0000000000111111011000000011111110000000011111110000000011111110
0000000000111111011000000101111110000000101111110000000101111110
0000000000111111011000001001111110000001001111110000001001111110
0000000000111111011000010001111110000010001111110000010001111110
0000000000111111011000100001111110000100001111110000100001111110
0000000000111111011001000001111110001000001111110001000001001110
0000000000111111011010000001111110010000001111110010000001000111
0000000000111111011100000001111110100000001111110100000001110000
0000000000111111011000000011111110000000011111110000000011111110
0000000000111111011000000101111110000000101111110000000101111110
0000000000111111011000001001111110000001001111110000001001111110
0000000000111111011000010001111110000010001111110000010001111110
0000000000111111011000100001111110000100001111110000100001111110
0000000000111111011001000001111110001000001111110001000001001110
0000000000111111011010000001111110010000001111110010000001000111
0000000000111111011100000001111110100000001111110100000001110000
0000000000111111011000000011111110000000011111110000000011111110
0000000000111111011000000101111110000000101111110000000101111110
0000000000111111011000001001111110000001001111110000001001111110
0000000000111111011000010001111110000010001111110000010001111110
0000000000111111011000100001111110000100001111110000100001111110
0000000000111111011001000001111110001000001111110001000001001110
0000000000111111011010000001111110010000001111110010000001000111
0000000000111111011100000001111110100000001111110100000001110000
0000000000111111011000000011111110000000011111110000000011111110
0000000000111111011000000101111110000000101111110000000101111110
0000000000111111011000001001111110000001001111110000001001111110
0000000000111111011000010001111110000010001111110000010001111110
0000000000111111011000100001111110000100001111110000100001111110
0000000000111111011001000001111110001000001111110001000001001110
0000000000111111011010000001111110010000001111110010000001000111
0000000000111111011100000001111110100000001111110100000001110000
0000000000111111011000000011111110000000011111110000000011111110
0000000000111111011000000101111110000000101111110000000101111110
0000000000111111011000001001111110000001001111110000001001111110
0000000000111111011000010001111110000010001111110000010001111110
0000000000111111011000100001111110000100001111110000100001111110
0000000000111111011001000001111110001000001111110001000001001110
0000000000111111011010000001111110010000001111110010000001000111
0000000000111111011100000001111110100000001111110100000001110000
0000000000111111011000000011111110000000011111110000000011111110
0000000000111111011000000101111110000000101111110000000101111110
0000000000111111011000001001111110000001001111110000001001111110
0000000000111111011000010001111110000010001111110000010001111110
0000000000111111011000100001111110000100001111110000100001111110
0000000000111111011001000001111110001000001111110001000001001110
0000000000111111011010000001111110010000001111110010000001000111
0000000000111111011100000001111110100000001111110100000001110000
0000000000111111011000000011111110000000011111110000000011111110
0000000000111111011000000101111110000000101111110000000101111110
0000000000111111011000001001111110000001001111110000001001111110
0000000000111111011000010001111110000010001111110000010001111110
0000000000111111011000100001111110000100001111110000100001111110
0000000000111111011001000001111110001000001111110001000001001110
0000000000111111011010000001111110010000001111110010000001000111
0000000000111111011100000001111110100000001111110100000001110000
0000000000111111011000000011111110000000011111110000000011111110
0000000000111111011000000101111110000000101111110000000101111110
0000000000111111011000001001111110000001001111110000001001111110
0000000000111111011000010001111110000010001111110000010001111110
0000000000111111011000100001111110000100001111110000100001111110
0000000000111111011001000001111110001000001111110001000001001110
0000000000111111011010000001111110010000001111110010000001000111
0000000000111111011100000001111110100000001111110100000001110000
0000000000111111011000000011111110000000011111110000000011111110
0000000000111111011000000101111110000000101111110000000101111110
0000000000111111011000001001111110000001001111110000001001111110
0000000000111111011000010001111110000010001111110000010001111110
0000000000111111011000100001111110000100001111110000100001111110
0000000000111111011001000001111110001000001111110001000001001110
0000000000111111011010000001111110010000001111110010000001000111
0000000000111111011100000001111110100000001111110100000001110000
0000000000111111011000000011111110000000011111110000000011111110
0000000000111111011000000101111110000000101111110000000101111110
0000000000111111011000001001111110000001001111110000001001111110
0000000000111111011000010001111110000010001111110000010001111110
0000000000111111011000100001111110000100001111110000100001111110
0000000000111111011001000001111110001000001111110001000001001110
0000000000111111011010000001111110010000001111110010000001000111
0000000000111111011100000001111110100000001111110100000001110000
0000000000111111011000000011111110000000011111110000000011111110
0000000000111111011000000101111110000000101111110000000101111110
0000000000111111011000001001111110000001001111110000001001111110
0000000000111111011000010001111110000010001111110000010001111110
0000000000111111011000100001111110000100001111110000100001111110
0000000000111111011001000001111110001000001111110001000001001110
0000000000111111011010000001111110010000001111110010000001000111
0000000000111111011100000001111110100000001111110100000001110000
0000000000111111011000000011111110000000011111110000000011111110
0000000000111111011000000101111110000000101111110000000101111110
0000000000111111011000001001111110000001001111110000001001111110
0000000000111111011000010001111110000010001111110000010001111110
0000000000111111011000100001111110000100001111110000100001111110
0000000000111111011001000001111110001000001111110001000001001110
0000000000111111011010000001111110010000001111110010000001000111
0000000000111111011100000001111110100000001111110100000001110000
0000000000111111011000000011111110000000011111110000000011111110
0000000000111111011000000101111110000000101111110000000101111110
0000000000111111011000001001111110000001001111110000001001111110
0000000000111111011000010001111110000010001111110000010001111110
0000000000111111011000100001111110000100001111110000100001111110
0000000000111111011001000001111110001000001111110001000001001110
0000000000111111011010000001111110010000001111110010000001000111
0000000000111111011100000001111110100000001111110100000001110000
0000000000111111011000000011111110000000011111110000000011111110
0000000000111111011000000101111110000000101111110000000101111110
0000000000111111011000001001111110000001001111110000001001111110
0000000000111111011000010001111110000010001111110000010001111110
0000000000111111011000100001111110000100001111110000100001111110
0000000000111111011001000001111110001000001111110001000001001110
0000000000111111011010000001111110010000001111110010000001000111
0000000000111111011100000001111110100000001111110100000001110000
0000000000111111011000000011111110000000011111110000000011111110
0000000000111111011000000101111110000000101111110000000101111110
0000000000111111011000001001111110000001001111110000001001111110
0000000000111111011000010001111110000010001111110000010001111110
0000000000111111011000100001111110000100001111110000100001111110
0000000000111111011001000001111110001000001111110001000001001110
0000000000111111011010000001111110010000001111110010000001000111
0000000000111111011100000001111110100000001111110100000001110000
0000000000111111011000000011111110000000011111110000000011111110
0000000000111111011000000101111110000000101111110000000101111110
0000000000111111011000001001111110000001001111110000001001111110
0000000000111111011000010001111110000010001111110000010001111110
0000000000111111011000100001111110000100001111110000100001111110
0000000000111111011001000001111110001000001111110001000001001110
0000000000111111011010000001111110010000001111110010000001000111
0000000000111111011100000001111110100000001111110100000001110000
0000000000111111011000000011111110000000011111110000000011111110
0000000000111111011000000101111110000000101111110000000101111110
0000000000111111011000001001111110000001001111110000001001111110
0000000000111111011000010001111110000010001111110000010001111110
0000000000111111011000100001111110000100001111110000100001111110
0000000000111111011001000001111110001000001111110001000001001110
0000000000111111011010000001111110010000001111110010000001000111
0000000000111111011100000001111110100000001111110100000001110000
0000000000111111011000000011111110000000011111110000000011111110
0000000000111111011000000101111110000000101111110000000101111110
0000000000111111011000001001111110000001001111110000001001111110
0000000000111111011000010001111110000010001111110000010001111110
0000000000111111011000100001111110000100001111110000100001111110
0000000000111111011001000001111110001000001111110001000001001110
0000000000111111011010000001111110010000001111110010000001000111
0000000000111111011100000001111110100000001111110100000001110000
0000000000111111011000000011111110000000011111110000000011111110
0000000000111111011000000101111110000000101111110000000101111110
0000000000111111011000001001111110000001001111110000001001111110
0000000000111111011000010001111110000010001111110000010001111110
0000000000111111011000100001111110000100001111110000100001111110
0000000000111111011001000001111110001000001111110001000001001110
0000000000111111011010000001111110010000001111110010000001000111
0000000000111111011100000001111110100000001111110100000001110000
0000000000111111011000000011111110000000011111110000000011111110
0000000000111111011000000101111110000000101111110000000101111110
0000000000111111011000001001111110000001001111110000001001111110
0000000000111111011000010001111110000010001111110000010001111110
0000000000111111011000100001111110000100001111110000100001111110
0000000000111111011001000001111110001000001111110001000001001110
0000000000111111011010000001111110010000001111110010000001000111
0000000000111111011100000001111110100000001111110100000001110000
0000000000111111011000000011111110000000011111110000000011111110
0000000000111111011000000101111110000000101111110000000101111110
0000000000111111011000001001111110000001001111110000001001111110
0000000000111111011000010001111110000010001111110000010001111110
0000000000111111011000100001111110000100001111110000100001111110
0000000000111111011001000001111110001000001111110001000001001110
0000000000111111011010000001111110010000001111110010000001000111
0000000000111111011100000001111110100000000110011100000001110000
0000000000111111011000000011111110000000011111110000000011111110
0000000000111111011000000101111110000000101111110000000101111110
0000000000111111011000001001111110000001001111110000001001111110
0000000000111111011000010001111110000010001111110000010001111110
0000000000111111011000100001111110000100001111110000100001111110
0000000000111111011001000001111110001000001111110001000001001110
0000000000111111011010000001111110010000001111110010000001000111
0000000000111111011100000001111110100000000110011100000001110000
0000000000111111011000000011111110000000011111110000000011111110
0000000000111111011000000101111110000000101111110000000101111110
0000000000111111011000001001111110000001001111110000001001111110
0000000000111111011000010001111110000010001111110000010001111110
0000000000111111011000100001111110000100001111110000100001111110
0000000000111111011001000001111110001000001111110001000001001110
0000000000111111011010000001111110010000001111110010000001000111
0000000000111111011100000001111110100000000110011100000001110000
0000000000111111011000000011111110000000011111110000000011111110
0000000000111111011000000101111110000000101111110000000101111110
0000000000111111011000001001111110000001001111110000001001111110
0000000000111111011000010001111110000010001111110000010001111110
0000000000111111011000100001111110000100001111110000100001111110
0000000000111111011001000001111110001000001111110001000001001110
0000000000111111011010000001111110010000001111110010000001000111
0000000000111111011100000001111110100000000110011100000001110000
0000000000111111011000000011111110000000011111110000000011111110
0000000000111111011000000101111110000000101111110000000101111110
0000000000111111011000001001111110000001001111110000001001111110
0000000000111111011000010001111110000010001111110000010001111110
0000000000111111011000100001111110000100001111110000100001111110
0000000000111111011001000001111110001000001111110001000001001110
0000000000111111011010000001111110010000001111110010000001000111
0000000000111111011100000001111110100000000110011100000001110000
0000000000111111011000000011111110000000011111110000000011111110
0000000000111111011000000101111110000000101111110000000101111110
0000000000111111011000001001111110000001001111110000001001111110
0000000000111111011000010001111110000010001111110000010001111110
0000000000111111011000100001111110000100001111110000100001111110
0000000000111111011001000001111110001000001111110001000001001110
0000000000111111011010000001111110010000001111110010000001000111
0000000000111111011100000001111110100000000110011100000001110000
0000000000111111011000000011111110000000011111110000000011111110
0000000000111111011000000101111110000000101111110000000101111110
0000000000111111011000001001111110000001001111110000001001111110
0000000000111111011000010001111110000010001111110000010001111110
0000000000111111011000100001111110000100001111110000100001111110
0000000000111111011001000001111110001000001111110001000001001110
0000000000111111011010000001111110010000001111110010000001000111
0000000000111111011100000001111110100000000110011100000001110000
0000000000111111011000000011111110000000011111110000000011111110
0000000000111111011000000101111110000000101111110000000101111110
0000000000111111011000001001111110000001001111110000001001111110
0000000000111111011000010001111110000010001111110000010001111110
0000000000111111011000100001111110000100001111110000100001111110
0000000000111111011001000001111110001000001111110001000001001110
0000000000111111011010000001111110010000001111110010000001000111
0000000000111111011100000001111110100000000110011100000001110000
0000000000111111011000000011111110000000011111110000000011111110
0000000000111111011000000101111110000000101111110000000101111110
0000000000111111011000001001111110000001001111110000001001111110
0000000000111111011000010001111110000010001111110000010001111110
0000000000111111011000100001111110000100001111110000100001111110
0000000000111111011001000001111110001000001111110001000001001110
0000000000111111011010000001111110010000001111110010000001000111
0000000000111111011100000001111110100000000110011100000001110000
0000000000111111011000000011111110000000011111110000000011111110
0000000000111111011000000101111110000000101111110000000101111110
0000000000111111011000001001111110000001001111110000001001111110
0000000000111111011000010001111110000010001111110000010001111110
0000000000111111011000100001111110000100001111110000100001111110
0000000000111111011001000001111110001000001111110001000001001110
0000000000111111011010000001111110010000001111110010000001000111
0000000000111111011100000001111110100000000110011100000001110000
0000000000111111011000000011111110000000011111110000000011111110
0000000000111111011000000101111110000000101111110000000101111110
0000000000111111011000001001111110000001001111110000001001111110
0000000000111111011000010001111110000010001111110000010001111110
0000000000111111011000100001111110000100001111110000100001111110
0000000000111111011001000001111110001000001111110001000001001110
0000000000111111011010000001111110010000001111110010000001000111
0000000000111111011100000001111110100000000110011100000001110000
0000000000111111011000000011111110000000011111110000000011111110
0000000000111111011000000101111110000000101111110000000101111110
0000000000111111011000001001111110000001001111110000001001111110
0000000000111111011000010001111110000010001111110000010001111110
0000000000111111011000100001111110000100001111110000100001111110
0000000000111111011001000001111110001000001111110001000001001110
0000000000111111011010000001111110010000001111110010000001000111
0000000000111111011100000001111110100000000110011100000001110000
0000000000111111011000000011111110000000011111110000000011111110
0000000000111111011000000101111110000000101111110000000101111110
0000000000111111011000001001111110000001001111110000001001111110
0000000000111111011000010001111110000010001111110000010001111110
0000000000111111011000100001111110000100001111110000100001111110
0000000000111111011001000001111110001000001111110001000001001110
0000000000111111011010000001111110010000001111110010000001000111
0000000000111111011100000001111110100000000110011100000001110000
0000000000111111011000000011111110000000011111110000000011111110
0000000000111111011000000101111110000000101111110000000101111110
0000000000111111011000001001111110000001001111110000001001111110
0000000000111111011000010001111110000010001111110000010001111110
0000000000111111011000100001111110000100001111110000100001111110
0000000000111111011001000001111110001000001111110001000001001110
0000000000111111011010000001111110010000001111110010000001000111
0000000000111111011100000001111110100000000110011100000001110000
0000000000111111011000000011111110000000011111110000000011111110
0000000000111111011000000101111110000000101111110000000101111110
0000000000111111011000001001111110000001001111110000001001111110
0000000000111111011000010001111110000010001111110000010001111110
0000000000111111011000100001111110000100001111110000100001111110
0000000000111111011001000001111110001000001111110001000001001110
0000000000111111011010000001111110010000001111110010000001000111
0000000000111111011100000001111110100000000110011100000001110000
0000000000111111011000000011111110000000011111110000000011111110
0000000000111111011000000101111110000000101111110000000101111110
0000000000111111011000001001111110000001001111110000001001111110
0000000000111111011000010001111110000010001111110000010001111110
0000000000111111011000100001111110000100001111110000100001111110
0000000000111111011001000001111110001000001111110001000001001110
0000000000111111011010000001111110010000001111110010000001000111
0000000000111111011100000001111110100000000110011100000001110000
0000000000111111011000000011111110000000011111110000000011111110
0000000000111111011000000101111110000000101111110000000101111110
0000000000111111011000001001111110000001001111110000001001111110
0000000000111111011000010001111110000010001111110000010001111110
0000000000111111011000100001111110000100001111110000100001111110
0000000000111111011001000001111110001000001111110001000001001110
0000000000111111011010000001111110010000001111110010000001000111
0000000000111111011100000001111110100000000110011100000001110000
0000000000111111011000000011111110000000011111110000000011111110
0000000000111111011000000101111110000000101111110000000101111110
0000000000111111011000001001111110000001001111110000001001111110
0000000000111111011000010001111110000010001111110000010001111110
0000000000111111011000100001111110000100001111110000100001111110
0000000000111111011001000001111110001000001111110001000001001110
0000000000111111011010000001111110010000001111110010000001000111
0000000000111111011100000001111110100000000110011100000001110000
0000000000111111011000000011111110000000011111110000000011111110
0000000000111111011000000101111110000000101111110000000101111110
0000000000111111011000001001111110000001001111110000001001111110
0000000000111111011000010001111110000010001111110000010001111110
0000000000111111011000100001111110000100001111110000100001111110
0000000000111111011001000001111110001000001111110001000001001110
0000000000111111011010000001111110010000001111110010000001000111
0000000000111111011100000001111110100000000110011100000001110000
0000000000111111011000000011111110000000011111110000000011111110
0000000000111111011000000101111110000000101111110000000101111110
0000000000111111011000001001111110000001001111110000001001111110
0000000000111111011000010001111110000010001111110000010001111110
0000000000111111011000100001111110000100001111110000100001111110
0000000000111111011001000001111110001000001111110001000001001110
0000000000111111011010000001111110010000001111110010000001000111
0000000000111111011100000001111110100000000110011100000001110000
0000000000111111011000000011111110000000011111110000000011111110
0000000000111111011000000101111110000000101111110000000101111110
0000000000111111011000001001111110000001001111110000001001111110
0000000000111111011000010001111110000010001111110000010001111110
0000000000111111011000100001111110000100001111110000100001111110
0000000000111111011001000001111110001000001111110001000001001110
0000000000111111011010000001111110010000001111110010000001000111
0000000000111111011100000001111110100000000110011100000001110000
0000000000111111011000000011111110000000011111110000000011111110
0000000000111111011000000101111110000000101111110000000101111110
0000000000111111011000001001111110000001001111110000001001111110
0000000000111111011000010001111110000010001111110000010001111110
0000000000111111011000100001111110000100001111110000100001111110
0000000000111111011001000001111110001000001111110001000001001110
0000000000111111011010000001111110010000001111110010000001000111
0000000000111111011100000001111110100000000110011100000001110000
0000000000111111011000000011111110000000011111110000000011111110
0000000000111111011000000101111110000000101111110000000101111110
0000000000111111011000001001111110000001001111110000001001111110
0000000000111111011000010001111110000010001111110000010001111110
0000000000111111011000100001111110000100001111110000100001111110
0000000000111111011001000001111110001000001111110001000001001110
0000000000111111111010000001111110010000000000000010000000000000
0000000000111111111100000001110000100000000000000100000000000000
0000000000111111111000000011000111000000010000000000000010000000
0000000000111111111000000101000111000000100000000000000100000000
0000000000111111111000001001000111000001000000000000001000000000
0000000000111111111000010001000111000010000000000000010000000000
0000000000111111111000100001000111000100000000000000100000000000
0000000000111111111001000001000111001000000000000001000000000000
0000000000111111111010000001000111010000000000000010000000000000
0000000000111111111100000001110000100000000000000100000000000000
0000000000111111111000000011000111000000010000000000000010000000
0000000000111111111000000101000111000000101111110000000101111110
0000000000111111111000001001000111000001001111110000001001111110
0000000000111111111000010001000111000010001111110000010001111110
0000000000111111111000100001000111000100001111110000100001111110
0000000000111111111001000001000111001000001111110001000001001110
0000000000111111111010000001000111010000001111110010000001000111
0000000000111111111100000001110000100000000110011100000001110000
0000000000111111111000000011000111000000011111110000000011111110
0000000000111111111000000101000111000000101111110000000101111110
0000000000111111111000001001000111000001001111110000001001111110
0000000000111111111000010001000111000010001111110000010001111110
0000000000111111111000100001000111000100001111110000100001111110
0000000000111111111001000001000111001000001111110001000001001110
0000000000111111111010000001000111010000001111110010000001000111
0000000000111111111100000001110000100000000110011100000001110000
0000000000111111111000000011000111000000011111110000000011111110
0000000000111111111000000101000111000000101111110000000101111110
0000000000111111111000001001000111000001001111110000001001111110
0000000000111111111000010001000111000010001111110000010001111110
0000000000111111111000100001000111000100001111110000100001111110
0000000000111111111001000001000111001000001111110001000001001110
0000000000111111111010000001000111010000001111110010000001000111
0000000000111111111100000001110000100000000110011100000001110000
0000000000111111111000000011000111000000011111110000000011111110
0000000000111111111000000101000111000000101111110000000101111110
0000000000111111111000001001000111000001001111110000001001111110
0000000000111111111000010001000111000010001111110000010001111110
0000000000111111111000100001000111000100001111110000100001111110
0000000000111111111001000001000111001000001111110001000001001110
0000000000111111111010000001000111010000001111110010000001000111
0000000000111111111100000001110000100000000110011100000001110000
0000000000111111111000000011000111000000011111110000000011111110
0000000000111111111000000101000111000000101111110000000101111110
0000000000111111111000001001000111000001001111110000001001111110
0000000000111111111000010001000111000010001111110000010001111110
0000000000111111111000100001000111000100001111110000100001111110
0000000000111111111001000001000111001000001111110001000001001110
0000000000111111111010000001000111010000001111110010000001000111
0000000000111111111100000001110000100000000110011100000001110000
0000000000111111111000000011000111000000011111110000000011111110
0000000000111111111000000101000111000000101111110000000101111110
0000000000111111111000001001000111000001001111110000001001111110
0000000000111111111000010001000111000010001111110000010001111110
0000000000111111111000100001000111000100001111110000100001111110
0000000000111111111001000001000111001000001111110001000001001110
0000000000111111111010000001000111010000001111110010000001000111
0000000000111111111100000001110000100000000110011100000001110000
0000000000111111111000000011000111000000011111110000000011111110
0000000000111111111000000101000111000000101111110000000101111110
0000000000111111111000001001000111000001001111110000001001111110
0000000000111111111000010001000111000010001111110000010001111110
0000000000111111111000100001000111000100001111110000100001111110
0000000000111111111001000001000111001000001111110001000001001110
0000000000111111111010000001000111010000001111110010000001000111
0000000000111111111100000001110000100000000110011100000001110000
0000000000111111111000000011000111000000011111110000000011111110
0000000000111111111000000101000111000000101111110000000101111110
0000000000111111111000001001000111000001001111110000001001111110
0000000000111111111000010001000111000010001111110000010001111110
0000000000111111111000100001000111000100001111110000100001111110
0000000000111111111001000001000111001000001111110001000001001110
0000000000111111111010000001000111010000001111110010000001000111
0000000000111111111100000001110000100000000110011100000001110000
0000000000111111111000000011000111000000011111110000000011111110
0000000000111111111000000101000111000000101111110000000101111110
0000000000111111111000001001000111000001001111110000001001111110
0000000000111111111000010001000111000010001111110000010001111110
0000000000111111111000100001000111000100001111110000100001111110
0000000000111111111001000001000111001000001111110001000001001110
0000000000111111111010000001000111010000001111110010000001000111
0000000000111111111100000001110000100000000110011100000001110000
0000000000111111111000000011000111000000011111110000000011111110
0000000000111111111000000101000111000000101111110000000101111110
0000000000111111111000001001000111000001001111110000001001111110
0000000000111111111000010001000111000010001111110000010001111110
0000000000111111111000100001000111000100001111110000100001111110
0000000000111111111001000001000111001000001111110001000001001110
0000000000111111111010000001000111010000001111110010000001000111
0000000000111111111100000001110000100000000110011100000001110000
0000000000111111111000000011000111000000011111110000000011111110
0000000000111111111000000101000111000000101111110000000101111110
0000000000111111111000001001000111000001001111110000001001111110
0000000000111111111000010001000111000010001111110000010001111110
0000000000111111111000100001000111000100001111110000100001111110
0000000000111111111001000001000111001000001111110001000001001110
0000000000111111111010000001000111010000001111110010000001000111
0000000000111111111100000001110000100000000110011100000001110000
0000000000111111111000000011000111000000011111110000000011111110
0000000000111111111000000101000111000000101111110000000101111110
0000000000111111111000001001000111000001001111110000001001111110
0000000000111111111000010001000111000010001111110000010001111110
0000000000111111111000100001000111000100001111110000100001111110
0000000000111111111001000001000111001000001111110001000001001110
0000000000111111111010000001000111010000001111110010000001000111
0000000000111111111100000001110000100000000110011100000001110000
0000000000111111111000000011000111000000011111110000000011111110
0000000000111111111000000101000111000000101111110000000101111110
0000000000111111111000001001000111000001001111110000001001111110
0000000000111111111000010001000111000010001111110000010001111110
0000000000111111111000100001000111000100001111110000100001111110
0000000000111111111001000001000111001000001111110001000001111110
0000000000111111111010000001000111010000001111110010000001111110
0000000000111111111100000001110000100000001111110100000001111110
0000000000111111111000000011000111000000011111110000000011111110
0000000000111111111000000101000111000000101111110000000101111110
0000000000111111111000001001000111000001001111110000001001111110
0000000000111111111000010001000111000010001111110000010001111110
0000000000111111111000100001000111000100001111110000100001111110
0000000000111111111001000001000111001000001111110001000001111110
0000000000111111111010000001000111010000001111110010000001111110
0000000000111111111100000001110000100000001111110100000001111110
0000000000111111111000000011000111000000011111110000000011111110
0000000000111111111000000101000111000000101111110000000101111110
0000000000111111111000001001000111000001001111110000001001111110
0000000000111111111000010001000111000010001111110000010001111110
0000000000111111111000100001000111000100001111110000100001111110
0000000000111111111001000001000111001000001111110001000001111110
0000000000111111111010000001000111010000001111110010000001111110
0000000000111111111100000001110000100000001111110100000001111110
0000000000111111111000000011000111000000011111110000000011111110
0000000000111111111000000101000111000000101111110000000101111110
0000000000111111111000001001000111000001001111110000001001111110
0000000000111111111000010001000111000010001111110000010001111110
0000000000111111111000100001000111000100001111110000100001111110
0000000000111111111001000001000111001000001111110001000001111110
0000000000111111111010000001000111010000001111110010000001111110
0000000000111111111100000001110000100000001111110100000001111110
0000000000111111111000000011000111000000011111110000000011111110
0000000000111111111000000101000111000000101111110000000101111110
0000000000111111111000001001000111000001001111110000001001111110
0000000000111111111000010001000111000010001111110000010001111110
0000000000111111111000100001000111000100001111110000100001111110
0000000000111111111001000001000111001000001111110001000001111110
0000000000111111111010000001000111010000001111110010000001111110
0000000000111111111100000001110000100000001111110100000001111110
0000000000111111111000000011000111000000011111110000000011111110
0000000000111111111000000101000111000000101111110000000101111110
0000000000111111111000001001000111000001001111110000001001111110
0000000000111111111000010001000111000010001111110000010001111110
0000000000111111111000100001000111000100001111110000100001111110
0000000000111111111001000001000111001000001111110001000001111110
0000000000111111111010000001000111010000001111110010000001111110
0000000000111111111100000001110000100000001111110100000001111110
0000000000111111111000000011000111000000011111110000000011111110
0000000000111111111000000101000111000000101111110000000101111110
0000000000111111111000001001000111000001001111110000001001111110
0000000000111111111000010001000111000010001111110000010001111110
0000000000111111111000100001000111000100001111110000100001111110
0000000000111111111001000001000111001000001111110001000001111110
0000000000111111111010000001000111010000001111110010000001111110
0000000000111111111100000001110000100000001111110100000001111110
0000000000111111111000000011000111000000011111110000000011111110
0000000000111111111000000101000111000000101111110000000101111110
0000000000111111111000001001000111000001001111110000001001111110
0000000000111111111000010001000111000010001111110000010001111110
0000000000111111111000100001000111000100001111110000100001111110
0000000000111111111001000001000111001000001111110001000001111110
0000000000111111111010000001000111010000001111110010000001111110
0000000000111111111100000001110000100000001111110100000001111110
0000000000111111111000000011000111000000011111110000000011111110
0000000000111111111000000101000111000000101111110000000101111110
0000000000111111111000001001000111000001001111110000001001111110
0000000000111111111000010001000111000010001111110000010001111110
0000000000111111111000100001000111000100001111110000100001111110
0000000000111111111001000001000111001000001111110001000001111110
0000000000111111111010000001000111010000001111110010000001111110
0000000000111111111100000001110000100000001111110100000001111110
0000000000111111111000000011000111000000011111110000000011111110
0000000000111111111000000101000111000000101111110000000101111110
0000000000111111111000001001000111000001001111110000001001111110
0000000000111111111000010001000111000010001111110000010001111110
0000000000111111111000100001000111000100001111110000100001111110
0000000000111111111001000001000111001000001111110001000001111110
0000000000111111111010000001000111010000001111110010000001111110
0000000000111111111100000001110000100000001111110100000001111110
0000000000111111111000000011000111000000011111110000000011111110
0000000000111111111000000101000111000000101111110000000101111110
0000000000111111111000001001000111000001001111110000001001111110
0000000000111111111000010001000111000010001111110000010001111110
0000000000111111111000100001000111000100001111110000100001111110
0000000000111111111001000001000111001000001111110001000001111110
0000000000111111111010000001000111010000001111110010000001111110
0000000000111111111100000001110000100000001111110100000001111110
0000000000111111111000000011000111000000011111110000000011111110
0000000000111111111000000101000111000000101111110000000101111110
0000000000111111111000001001000111000001001111110000001001111110
0000000000111111111000010001000111000010001111110000010001111110
0000000000111111111000100001000111000100001111110000100001111110
0000000000111111111001000001000111001000001111110001000001111110
0000000000111111111010000001000111010000001111110010000001111110
0000000000111111111100000001110000100000001111110100000001111110
0000000000111111111000000011000111000000011111110000000011111110
0000000000111111111000000101000111000000101111110000000101111110
0000000000111111111000001001000111000001001111110000001001111110
0000000000111111111000010001000111000010001111110000010001111110
0000000000111111111000100001000111000100001111110000100001111110
0000000000111111111001000001000111001000001111110001000001111110
0000000000111111111010000001000111010000001111110010000001111110
0000000000111111111100000001110000100000001111110100000001111110
0000000000111111111000000011000111000000011111110000000011111110
0000000000111111111000000101000111000000101111110000000101111110
0000000000111111111000001001000111000001001111110000001001111110
0000000000111111111000010001000111000010001111110000010001111110
0000000000111111111000100001000111000100001111110000100001111110
0000000000111111111001000001000111001000001111110001000001111110
0000000000111111111010000001000111010000001111110010000001111110
0000000000111111111100000001110000100000001111110100000001111110
0000000000111111111000000011000111000000011111110000000011111110
0000000000111111111000000101000111000000101111110000000101111110
0000000000111111111000001001000111000001001111110000001001111110
0000000000111111111000010001000111000010001111110000010001111110
0000000000111111111000100001000111000100001111110000100001111110
0000000000111111111001000001000111001000001111110001000001111110
0000000000111111111010000001000111010000001111110010000001111110
0000000000111111111100000001110000100000001111110100000001111110
0000000000111111111000000011000111000000011111110000000011111110
0000000000111111111000000101000111000000101111110000000101111110
0000000000111111111000001001000111000001001111110000001001111110
0000000000111111111000010001000111000010001111110000010001111110
0000000000111111111000100001000111000100001111110000100001111110
0000000000111111111001000001000111001000001111110001000001111110
0000000000111111111010000001000111010000001111110010000001111110
0000000000111111111100000001110000100000001111110100000001111110
0000000000111111111000000011000111000000011111110000000011111110
0000000000111111111000000101000111000000101111110000000101111110
0000000000111111111000001001000111000001001111110000001001111110
0000000000111111111000010001000111000010001111110000010001111110
0000000000111111111000100001000111000100001111110000100001111110
0000000000111111111001000001000111001000001111110001000001111110
0000000000111111111010000001000111010000001111110010000001111110
0000000000111111111100000001110000100000001111110100000001111110
0000000000111111111000000011000111000000011111110000000011111110
0000000000111111111000000101000111000000101111110000000101111110
0000000000111111111000001001000111000001001111110000001001111110
0000000000111111111000010001000111000010001111110000010001111110
0000000000111111111000100001000111000100001111110000100001111110
0000000000111111111001000001000111001000001111110001000001111110
0000000000111111111010000001000111010000001111110010000001111110
0000000000111111111100000001110000100000001111110100000001111110
0000000000111111111000000011000111000000011111110000000011111110
0000000000111111111000000101000111000000101111110000000101111110
0000000000111111111000001001000111000001001111110000001001111110
0000000000111111111000010001000111000010001111110000010001111110
0000000000111111111000100001000111000100001111110000100001111110
0000000000111111111001000001000111001000001111110001000001111110
0000000000111111111010000001000111010000001111110010000001111110
0000000000111111111100000001110000100000001111110100000001111110
0000000000111111111000000011000111000000011111110000000011111110
0000000000111111111000000101000111000000101111110000000101111110
0000000000111111111000001001000111000001001111110000001001111110
0000000000111111111000010001000111000010001111110000010001111110
0000000000111111111000100001000111000100001111110000100001111110
0000000000111111111001000001000111001000001111110001000001111110
0000000000111111111010000001000111010000001111110010000001111110
0000000000111111111100000001110000100000001111110100000001111110
0000000000111111111000000011000111000000011111110000000011111110
0000000000111111111000000101000111000000101111110000000101111110
0000000000111111111000001001000111000001001111110000001001111110
0000000000111111111000010001000111000010001111110000010001111110
0000000000111111111000100001000111000100001111110000100001111110
0000000000111111111001000001000111001000001111110001000001111110
0000000000111111111010000001000111010000001111110010000001111110
0000000000111111111100000001110000100000001111110100000001111110
0000000000111111111000000011000111000000011111110000000011111110
0000000000111111111000000101000111000000101111110000000101111110
0000000000111111111000001001000111000001001111110000001001111110
0000000000111111111000010001000111000010001111110000010001111110
0000000000111111111000100001000111000100001111110000100001111110
0000000000111111111001000001000111001000001111110001000001111110
0000000000111111111010000001000111010000001111110010000001111110
0000000000111111111100000001110000100000001111110100000001111110
0000000000111111111000000011000111000000011111110000000011111110
0000000000111111111000000101000111000000101111110000000101111110
0000000000111111111000001001000111000001001111110000001001111110
0000000000111111111000010001000111000010001111110000010001111110
0000000000111111111000100001000111000100001111110000100001111110
0000000000111111111001000001000111001000001111110001000001111110
0000000000111111111010000001000111010000001111110010000001111110
0000000000111111111100000001110000100000001111110100000001111110
0000000000111111111000000011000111000000011111110000000011111110
0000000000111111111000000101000111000000101111110000000101111110
0000000000111111111000001001000111000001001111110000001001111110
0000000000111111111000010001000111000010001111110000010001111110
0000000000111111111000100001000111000100001111110000100001111110
0000000000111111111001000001000111001000001111110001000001111110
0000000000111111111010000001000111010000001111110010000001111110
0000000000111111111100000001110000100000001111110100000001111110
0000000000111111111000000011000111000000011111110000000011111110
0000000000111111111000000101000111000000101111110000000101111110
0000000000111111111000001001000111000001001111110000001001111110
0000000000111111111000010001000111000010001111110000010001111110
0000000000111111111000100001000111000100001111110000100001111110
0000000000111111111001000001000111001000001111110001000001111110
0000000000111111111010000001000111010000001111110010000001111110
0000000000111111111100000001110000100000001111110100000001111110
0000000000111111111000000011000111000000011111110000000011111110
0000000000111111111000000101000111000000101111110000000101111110
0000000000111111111000001001000111000001001111110000001001111110
0000000000111111111000010001000111000010001111110000010001111110
0000000000111111111000100001000111000100001111110000100001111110
0000000000111111111001000001000111001000001111110001000001111110
0000000000111111111010000001000111010000001111110010000001111110
0000000000111111111100000001110000100000001111110100000001111110
0000000000111111111000000011000111000000011111110000000011111110
0000000000111111111000000101000111000000101111110000000101111110
0000000000111111111000001001000111000001001111110000001001111110
0000000000111111111000010001000111000010001111110000010001111110
0000000000111111111000100001000111000100001111110000100001111110
0000000000111111111001000001000111001000001111110001000001111110
0000000000111111111010000001000111010000001111110010000001111110
0000000000111111111100000001110000100000001111110100000001111110
0000000000111111111000000011000111000000011111110000000011111110
0000000000111111111000000101000111000000101111110000000101111110
0000000000111111111000001001000111000001001111110000001001111110
0000000000111111111000010001000111000010001111110000010001111110
0000000000111111111000100001000111000100001111110000100001111110
0000000000111111111001000001000111001000001111110001000001111110
0000000000111111111010000001000111010000001111110010000001111110
0000000000111111111100000001110000100000001111110100000001111110
0000000000111111111000000011000111000000011111110000000011111110
0000000000111111111000000101000111000000101111110000000101111110
0000000000111111111000001001000111000001001111110000001001111110
0000000000111111111000010001000111000010001111110000010001111110
0000000000111111111000100001000111000100001111110000100001111110
0000000000111111111001000001000111001000001111110001000001111110
0000000000111111111010000001000111010000001111110010000001111110
0000000000111111111100000001110000100000001111110100000001111110
0000000000111111111000000011000111000000011111110000000011111110
0000000000111111111000000101000111000000101111110000000101111110
0000000000111111111000001001000111000001001111110000001001111110
0000000000111111111000010001000111000010001111110000010001111110
0000000000111111111000100001000111000100001111110000100001111110
0000000000111111111001000001000111001000001111110001000001111110
0000000000111111111010000001000111010000001111110010000001111110
0000000000111111111100000001110000100000001111110100000001111110
0000000000111111111000000011000111000000011111110000000011111110
0000000000111111111000000101000111000000101111110000000101111110
0000000000111111111000001001000111000001001111110000001001111110
0000000000111111111000010001000111000010001111110000010001111110
0000000000111111111000100001000111000100001111110000100001111110
0000000000111111111001000001000111001000001111110001000001111110
0000000000111111111010000001000111010000001111110010000001111110
0000000000111111111100000001110000100000001111110100000001111110
0000000000111111111000000011000111000000011111110000000010110000
0000000000111111111000000101000111000000101111110000000101111110
0000000000111111111000001001000111000001001111110000001001111110
0000000000111111111000010001000111000010001111110000010001111110
0000000000111111111000100001000111000100001111110000100001111110
0000000000111111111001000001000111001000001111110001000001111110
0000000000111111111010000001000111010000001111110010000001111110
0000000000111111111100000001110000100000001111110100000001111110
0000000000111111111000000011000111000000011111110000000010110000
0000000000111111111000000101000111000000101111110000000101111110
0000000000111111111000001001000111000001001111110000001001111110
0000000000111111111000010001000111000010001111110000010001111110
0000000000111111111000100001000111000100001111110000100001111110
0000000000111111111001000001000111001000001111110001000001111110
0000000000111111111010000001000111010000001111110010000001111110
0000000000111111111100000001110000100000001111110100000001111110
0000000000111111111000000011000111000000011111110000000010110000
0000000000111111111000000101000111000000101111110000000101111110
0000000000111111111000001001000111000001001111110000001001111110
0000000000111111111000010001000111000010001111110000010001111110
0000000000111111111000100001000111000100001111110000100001111110
0000000000111111111001000001000111001000001111110001000001111110
0000000000111111111010000001000111010000001111110010000001111110
0000000000111111111100000001110000100000001111110100000001111110
0000000000111111111000000011000111000000011111110000000010110000
0000000000111111111000000101000111000000101111110000000101111110
0000000000111111111000001001000111000001001111110000001001111110
0000000000111111111000010001000111000010001111110000010001111110
0000000000111111111000100001000111000100001111110000100001111110
0000000000111111111001000001000111001000001111110001000001111110
0000000000111111111010000001000111010000001111110010000001111110
0000000000111111111100000001110000100000001111110100000001111110
0000000000111111111000000011000111000000011111110000000010110000
0000000000111111111000000101000111000000101111110000000101111110
0000000000111111111000001001000111000001001111110000001001111110
0000000000111111111000010001000111000010001111110000010001111110
0000000000111111111000100001000111000100001111110000100001111110
0000000000111111111001000001000111001000001111110001000001111110
0000000000111111111010000001000111010000001111110010000001111110
0000000000111111111100000001110000100000001111110100000001111110
0000000000111111111000000011000111000000011111110000000010110000
0000000000111111111000000101000111000000101111110000000101111110
0000000000111111111000001001000111000001001111110000001001111110
0000000000111111111000010001000111000010001111110000010001111110
0000000000111111111000100001000111000100001111110000100001111110
0000000000111111111001000001000111001000001111110001000001111110
0000000000111111111010000001000111010000001111110010000001111110
0000000000111111111100000001110000100000001111110100000001111110
0000000000111111111000000011000111000000011111110000000010110000
0000000000111111111000000101000111000000101111110000000101111110
0000000000111111111000001001000111000001001111110000001001111110
0000000000111111111000010001000111000010001111110000010001111110
0000000000111111111000100001000111000100001111110000100001111110
0000000000111111111001000001000111001000001111110001000001111110
0000000000111111111010000001000111010000001111110010000001111110
0000000000111111111100000001110000100000001111110100000001111110
0000000000111111111000000011000111000000011111110000000010110000
0000000000111111111000000101000111000000101111110000000101111110
0000000000111111111000001001000111000001001111110000001001111110
0000000000111111111000010001000111000010001111110000010001111110
0000000000111111111000100001000111000100001111110000100001111110
0000000000111111111001000001000111001000001111110001000001111110
0000000000111111111010000001000111010000001111110010000001111110
0000000000111111111100000001110000100000001111110100000001111110
0000000000111111111000000011000111000000011111110000000010110000
0000000000111111111000000101000111000000101111110000000101111110
0000000000111111111000001001000111000001001111110000001001111110
0000000000111111111000010001000111000010001111110000010001111110
0000000000111111111000100001000111000100001111110000100001111110
0000000000111111111001000001000111001000001111110001000001111110
0000000000111111111010000001000111010000001111110010000001111110
0000000000111111111100000001110000100000001111110100000001111110
0000000000111111111000000011000111000000011111110000000010110000
0000000000111111111000000101000111000000101111110000000101111110
0000000000111111111000001001000111000001001111110000001001111110
0000000000111111111000010001000111000010001111110000010001111110
0000000000111111111000100001000111000100001111110000100001111110
0000000000111111111001000001000111001000001111110001000001111110
0000000000111111111010000001000111010000001111110010000001111110
0000000000111111111100000001110000100000001111110100000001111110
0000000000111111111000000011000111000000011111110000000010110000
0000000000111111111000000101000111000000101111110000000101111110
0000000000111111111000001001000111000001001111110000001001111110
0000000000111111111000010001000111000010001111110000010001111110
0000000000111111111000100001000111000100001111110000100001111110
0000000000111111111001000001000111001000001111110001000001111110
0000000000111111111010000001000111010000001111110010000001111110
0000000000111111111100000001110000100000001111110100000001111110
0000000000111111111000000011000111000000011111110000000010110000
0000000000111111111000000101000111000000101111110000000101111110
0000000000111111111000001001000111000001001111110000001001111110
0000000000111111111000010001000111000010001111110000010001111110
0000000000111111111000100001000111000100001111110000100001111110
0000000000111111111001000001000111001000001111110001000001111110
0000000000111111111010000001000111010000001111110010000001111110
0000000000111111111100000001110000100000001111110100000001111110
0000000000111111111000000011000111000000011111110000000010110000
0000000000111111111000000101000111000000101111110000000101111110
0000000000111111111000001001000111000001001111110000001001111110
0000000000111111111000010001000111000010001111110000010001111110
0000000000111111111000100001000111000100001111110000100001111110
0000000000111111111001000001000111001000001111110001000001111110
0000000000111111111010000001000111010000001111110010000001111110
0000000000111111111100000001110000100000001111110100000001111110
0000000000111111111000000011000111000000011111110000000010110000
0000000000111111111000000101000111000000101111110000000101111110
0000000000111111111000001001000111000001001111110000001001111110
0000000000111111111000010001000111000010001111110000010001111110
0000000000111111111000100001000111000100001111110000100001111110
0000000000111111111001000001000111001000001111110001000001111110
0000000000111111111010000001000111010000001111110010000001111110
0000000000111111111100000001110000100000001111110100000001111110
0000000000111111111000000011000111000000011111110000000010110000
0000000000111111111000000101000111000000101111110000000101111110
0000000000111111111000001001000111000001001111110000001001111110
0000000000111111111000010001000111000010001111110000010001111110
0000000000111111111000100001000111000100001111110000100001111110
0000000000111111111001000001000111001000001111110001000001111110
0000000000111111111010000001000111010000001111110010000001111110
0000000000111111111100000001110000100000001111110100000001111110
0000000000111111111000000011000111000000011111110000000010110000
0000000000111111111000000101000111000000101111110000000101111110
0000000000111111111000001001000111000001001111110000001001111110
0000000000111111111000010001000111000010001111110000010001111110
0000000000111111111000100001000111000100001111110000100001111110
0000000000111111111001000001000111001000001111110001000001111110
0000000000111111111010000001000111010000001111110010000001111110
0000000000111111111100000001110000100000001111110100000001111110
0000000000111111111000000011000111000000011111110000000010110000
0000000000111111111000000101000111000000101111110000000101111110
0000000000111111111000001001000111000001001111110000001001111110
0000000000111111111000010001000111000010001111110000010001111110
0000000000111111111000100001000111000100001111110000100001111110
0000000000111111111001000001000111001000001111110001000001111110
0000000000111111111010000001000111010000001111110010000001111110
0000000000111111111100000001110000100000001111110100000001111110
0000000000111111111000000011000111000000011111110000000010110000
0000000000111111111000000101000111000000101111110000000101111110
0000000000111111111000001001000111000001001111110000001001111110
0000000000111111111000010001000111000010001111110000010001111110
0000000000111111111000100001000111000100001111110000100001111110
0000000000111111111001000001000111001000001111110001000001111110
0000000000111111111010000001000111010000001111110010000001111110
0000000000111111111100000001110000100000001111110100000001111110
0000000000111111111000000011000111000000011111110000000010110000
0000000000111111111000000101000111000000101111110000000101111110
0000000000111111111000001001000111000001001111110000001001111110
0000000000111111111000010001000111000010001111110000010001111110
0000000000111111111000100001000111000100001111110000100001111110
0000000000111111111001000001000111001000001111110001000001111110
0000000000111111111010000001000111010000001111110010000001111110
0000000000111111111100000001110000100000001111110100000001111110
0000000000111111111000000011000111000000011111110000000010110000
0000000000111111111000000101000111000000101111110000000101111110
0000000000111111111000001001000111000001001111110000001001111110
0000000000111111111000010001000111000010001111110000010001111110
0000000000111111111000100001000111000100001111110000100001111110
0000000000111111111001000001000111001000001111110001000001111110
0000000000111111111010000001000111010000001111110010000001111110
0000000000111111111100000001110000100000001111110100000001111110
0000000000111111111000000011000111000000011111110000000010110000
0000000000111111111000000101000111000000101111110000000101111110
0000000000111111111000001001000111000001001111110000001001111110
0000000000111111111000010001000111000010001111110000010001111110
0000000000111111111000100001000111000100001111110000100001111110
0000000000111111111001000001000111001000001111110001000001111110
0000000000111111111010000001000111010000001111110010000001111110
0000000000111111111100000001110000100000001111110100000001111110
0000000000111111111000000011000111000000011111110000000010110000
0000000000111111111000000101000111000000101111110000000101111110
0000000000111111111000001001000111000001001111110000001001111110
0000000000111111111000010001000111000010001111110000010001111110
0000000000111111111000100001000111000100001111110000100001111110
0000000000111111111001000001000111001000001111110001000001111110
0000000000111111111010000001000111010000001111110010000001111110
0000000000111111111100000001110000100000001111110100000001111110
0000000000111111111000000011000111000000011111110000000010110000
0000000000111111111000000101000111000000101111110000000101111110
0000000000111111111000001001000111000001001111110000001001111110
0000000000111111111000010001000111000010001111110000010001111110
0000000000111111111000100001000111000100001111110000100001111110
0000000000111111111001000001000111001000001111110001000001111110
0000000000111111111010000001000111010000001111110010000001111110
0000000000111111111100000001110000100000001111110100000001111110
0000000000111111111000000011000111000000011111110000000010110000
0000000000111111111000000101000111000000101111110000000101111110
0000000000111111111000001001000111000001001111110000001001111110
0000000000111111111000010001000111000010001111110000010001111110
0000000000111111111000100001000111000100001111110000100001111110
0000000000111111111001000001000111001000001111110001000001111110
0000000000111111111010000001000111010000001111110010000001111110
0000000000111111111100000001110000100000001111110100000001111110
0000000000111111111000000011000111000000011111110000000010110000
0000000000111111111000000101000111000000101111110000000101111110
0000000000111111111000001001000111000001001111110000001001111110
0000000000111111111000010001000111000010001111110000010001111110
0000000000111111111000100001000111000100001111110000100001111110
0000000000111111111001000001000111001000001111110001000001111110
0000000000111111111010000001000111010000001111110010000001111110
0000000000111111111100000001110000100000001111110100000001111110
0000000000111111111000000011000111000000011111110000000010110000
0000000000111111111000000101000111000000101111110000000101111110
0000000000111111111000001001000111000001001111110000001001111110
0000000000111111111000010001000111000010001111110000010001111110
0000000000111111111000100001000111000100001111110000100001111110
0000000000111111111001000001000111001000001111110001000001111110
0000000000111111111010000001000111010000001111110010000001111110
0000000000111111111100000001110000100000001111110100000001111110
0000000000111111111000000011000111000000011111110000000010110000
0000000000111111111000000101000111000000101111110000000101111110
0000000000111111111000001001000111000001001111110000001001111110
0000000000111111111000010001000111000010001111110000010001111110
0000000000111111111000100001000111000100001111110000100001111110
0000000000111111111001000001000111001000001111110001000001111110
0000000000111111111010000001000111010000001111110010000001111110
0000000000111111111100000001110000100000001111110100000001111110
0000000000111111111000000011000111000000011111110000000010110000
0000000000111111111000000101000111000000101111110000000101111110
0000000000111111111000001001000111000001001111110000001001111110
0000000000111111111000010001000111000010001111110000010001111110
0000000000111111111000100001000111000100001111110000100001111110
0000000000111111111001000001000111001000001111110001000001111110
0000000000111111111010000001000111010000001111110010000001111110
0000000000111111111100000001110000100000001111110100000001111110
0000000000111111111000000011000111000000011111110000000010110000
0000000000111111111000000101000111000000101111110000000101111110
0000000000111111111000001001000111000001001111110000001001111110
0000000000111111111000010001000111000010001111110000010001111110
0000000000111111111000100001000111000100001111110000100001111110
0000000000111111111001000001000111001000001111110001000001111110
0000000000111111111010000001000111010000001111110010000001111110
0000000000111111111100000001110000100000001111110100000001111110
0000000000111111111000000011000111000000011101101000000010110000
0000000000111111111000000101000111000000101111110000000101111110
0000000000111111111000001001000111000001001111110000001001111110
0000000000111111111000010001000111000010001111110000010001111110
0000000000111111111000100001000111000100001111110000100001111110
0000000000111111111001000001000111001000001111110001000001111110
0000000000111111111010000001000111010000001111110010000001111110
0000000000111111111100000001110000100000001111110100000001111110
0000000000111111111000000011000111000000011101101000000010110000
0000000000111111111000000101000111000000101111110000000101111110
0000000000111111111000001001000111000001001111110000001001111110
0000000000111111111000010001000111000010001111110000010001111110
0000000000111111111000100001000111000100001111110000100001111110
0000000000111111111001000001000111001000001111110001000001111110
0000000000111111111010000001000111010000001111110010000001111110
0000000000111111111100000001110000100000001111110100000001111110
0000000000111111111000000011000111000000011101101000000010110000
0000000000111111111000000101000111000000101111110000000101111110
0000000000111111111000001001000111000001001111110000001001111110
0000000000111111111000010001000111000010001111110000010001111110
0000000000111111111000100001000111000100001111110000100001111110
0000000000111111111001000001000111001000001111110001000001111110
0000000000111111111010000001000111010000001111110010000001111110
0000000000111111111100000001110000100000001111110100000001111110
0000000000111111111000000011000111000000011101101000000010110000
0000000000111111111000000101000111000000101111110000000101111110
0000000000111111111000001001000111000001001111110000001001111110
0000000000111111111000010001000111000010001111110000010001111110
0000000000111111111000100001000111000100001111110000100001111110
0000000000111111111001000001000111001000001111110001000001111110
0000000000111111111010000001000111010000001111110010000001111110
0000000000111111111100000001110000100000001111110100000001111110
0000000000111111111000000011000111000000011101101000000010110000
0000000000111111111000000101000111000000101111110000000101111110
0000000000111111111000001001000111000001001111110000001001111110
0000000000111111011000010001000111000010000000000000010000000000
0000000000111111011000100001111110000100000000000000100000000000
0000000000111111011001000001111111001000000000000001000000000000
0000000000111111010010000001111110010000000000000010000000000000
0000000000111111010100000000110011100000000000000100000000000000
0000000000111111010000000011111110000000010000000000000010000000
0000000000111111010000000101111110000000100000000000000100000000
0000000000111111010000001001111110000001000000000000001000000000
0000000000111111010000010001111110000010000000000000010000000000
0000000000111111010000100001111110000100000000000000100000000000
0000000000111111010001000001111111001000000000000001000000000000
0000000000111111010010000001111110010000001111110010000001111110
0000000000111111010100000000110011100000001111110100000001111110
0000000000111111010000000011111110000000011101101000000010110000
0000000000111111010000000101111110000000101111110000000101111110
0000000000111111010000001001111110000001001111110000001001111110
0000000000111111010000010001111110000010001111110000010001111110
0000000000111111010000100001111110000100001111110000100001111110
0000000000111111010001000001111111001000001111110001000001111110
0000000000111111010010000001111110010000001111110010000001111110
0000000000111111010100000000110011100000001111110100000001111110
0000000000111111010000000011111110000000011101101000000010110000
0000000000111111010000000101111110000000101111110000000101111110
0000000000111111011000001001111110000001001111110000001001111110
0000000000111111011000010001111110000010001111110000010001111110
0000000000111111011000100001111110000100001111110000100001111110
0000000000111111011001000001111111001000001111110001000001111110
0000000000111111011010000001111110010000001111110010000001111110
0000000000111111011100000000110011100000001111110100000001111110
0000000000111111011000000011111110000000011101101000000010110000
0000000000111111011000000101111110000000101111110000000101111110
0000000000111111011000001001111110000001001111110000001001111110
0000000000111111011000010001111110000010001111110000010001111110
0000000000111111011000100001111110000100001111110000100001111110
0000000000111111011001000001111111001000001111110001000001111110
0000000000111111011010000001111110010000001111110010000001111110
0000000000111111011100000000110011100000001111110100000001111110
0000000000111111011000000011111110000000011101101000000010110000
0000000000111111011000000101111110000000101111110000000101111110
0000000000111111011000001001111110000001001111110000001001111110
0000000000111111011000010001111110000010001111110000010001111110
0000000000111111011000100001111110000100001111110000100001111110
0000000000111111011001000001111111001000001111110001000001111110
0000000000111111011010000001111110010000001111110010000001111110
0000000000111111011100000000110011100000001111110100000001111110
0000000000111111011000000011111110000000011101101000000010110000
0000000000111111011000000101111110000000101111110000000101111110
0000000000111111011000001001111110000001001111110000001001111110
0000000000111111011000010001111110000010001111110000010001111110
0000000000111111011000100001111110000100001111110000100001111110
0000000000111111011001000001111111001000001111110001000001111110
0000000000111111011010000001111110010000001111110010000001111110
0000000000111111011100000000110011100000001111110100000001111110
0000000000111111011000000011111110000000011101101000000010110000
0000000000111111011000000101111110000000101111110000000101111110
0000000000111111011000001001111110000001001111110000001001111110
0000000000111111011000010001111110000010001111110000010001111110
0000000000111111011000100001111110000100001111110000100001111110
0000000000111111011001000001111111001000001111110001000001111110
0000000000111111011010000001111110010000001111110010000001111110
0000000000111111011100000000110011100000001111110100000001111110
0000000000111111011000000011111110000000011101101000000010110000
0000000000111111011000000101111110000000101111110000000101111110
0000000000111111011000001001111110000001001111110000001001111110
0000000000111111011000010001111110000010001111110000010001111110
0000000000111111011000100001111110000100001111110000100001111110
0000000000111111011001000001111111001000001111110001000001111110
0000000000111111011010000001111110010000001111110010000001111110
0000000000111111011100000000110011100000001111110100000001111110
0000000000111111011000000011111110000000011101101000000010110000
0000000000111111011000000101111110000000101111110000000101111110
0000000000111111011000001001111110000001001111110000001001111110
0000000000111111011000010001111110000010001111110000010001111110
0000000000111111011000100001111110000100001111110000100001111110
0000000000111111011001000001111111001000001111110001000001111110
0000000000111111011010000001111110010000001111110010000001111110
0000000000111111011100000000110011100000001111110100000001111110
0000000000111111011000000011111110000000011101101000000010110000
0000000000111111011000000101111110000000101111110000000101111110
0000000000111111011000001001111110000001001111110000001001111110
0000000000111111011000010001111110000010001111110000010001111110
0000000000111111011000100001111110000100001111110000100001111110
0000000000111111011001000001111111001000001111110001000001111110
0000000000111111011010000001111110010000001111110010000001111110
0000000000111111011100000000110011100000001111110100000001111110
0000000000111111011000000011111110000000011101101000000010110000
0000000000111111011000000101111110000000101111110000000101111110
0000000000111111011000001001111110000001001111110000001001111110
0000000000111111011000010001111110000010001111110000010001111110
0000000000111111011000100001111110000100001111110000100001111110
0000000000111111011001000001111111001000001111110001000001111110
0000000000111111011010000001111110010000001111110010000001111110
0000000000111111011100000000110011100000001111110100000001111110
0000000000111111011000000011111110000000011101101000000010110000
0000000000111111011000000101111110000000101111110000000101111110
0000000000111111011000001001111110000001001111110000001001111110
0000000000111111011000010001111110000010001111110000010001111110
0000000000111111011000100001111110000100001111110000100001111110
0000000000111111011001000001111111001000001111110001000001111110
0000000000111111011010000001111110010000001111110010000001111110
0000000000111111011100000000110011100000001111110100000001111110
0000000000111111011000000011111110000000011101101000000010110000
0000000000111111011000000101111110000000101111110000000101111110
0000000000111111011000001001111110000001001111110000001001111110
0000000000111111011000010001111110000010001111110000010001111110
0000000000111111011000100001111110000100001111110000100001111110
0000000000111111011001000001111111001000001111110001000001111110
0000000000111111011010000001111110010000001111110010000001111110
0000000000111111011100000000110011100000001111110100000001111110
0000000000111111011000000011111110000000011101101000000010110000
0000000000111111011000000101111110000000101111110000000101111110
0000000000111111011000001001111110000001001111110000001001111110
0000000000111111011000010001111110000010001111110000010001111110
0000000000111111011000100001111110000100001111110000100001111110
0000000000111111011001000001111111001000001111110001000001111110
0000000000111111011010000001111110010000001111110010000001111110
0000000000111111011100000000110011100000001111110100000001111110
0000000000111111011000000011111110000000011101101000000010110000
0000000000111111011000000101111110000000101111110000000101111110
0000000000111111011000001001111110000001001111110000001001111110
0000000000111111011000010001111110000010001111110000010001111110
0000000000111111011000100001111110000100001111110000100001111110
0000000000111111011001000001111111001000001111110001000001111110
0000000000111111011010000001111110010000001111110010000001111110
0000000000111111011100000000110011100000001111110100000001111110
0000000000111111011000000011111110000000011101101000000010110000
0000000000111111011000000101111110000000101111110000000101111110
0000000000111111011000001001111110000001001111110000001001111110
0000000000111111011000010001111110000010001111110000010001111110
0000000000111111011000100001111110000100001111110000100001111110
0000000000111111011001000001111111001000001111110001000001111110
0000000000111111011010000001111110010000001111110010000001111110
0000000000111111011100000000110011100000001111110100000001111110
0000000000111111011000000011111110000000011101101000000010110000
0000000000111111011000000101111110000000101111110000000101111110
0000000000111111011000001001111110000001001111110000001001111110
0000000000111111011000010001111110000010001111110000010001111110
0000000000111111011000100001111110000100001111110000100001111110
0000000000111111011001000001111111001000001111110001000001111110
0000000000111111011010000001111110010000001111110010000001111110
0000000000111111011100000000110011100000001111110100000001111110
0000000000111111011000000011111110000000011101101000000010110000
0000000000111111011000000101111110000000101111110000000101111110
0000000000111111011000001001111110000001001111110000001001111110
0000000000111111011000010001111110000010001111110000010001111110
0000000000111111011000100001111110000100001111110000100001111110
0000000000111111011001000001111111001000001111110001000001111110
0000000000111111011010000001111110010000001111110010000001111110
0000000000111111011100000000110011100000001111110100000001111110
0000000000111111011000000011111110000000011101101000000010110000
0000000000111111011000000101111110000000101111110000000101111110
0000000000111111011000001001111110000001001111110000001001111110
0000000000111111011000010001111110000010001111110000010001111110
0000000000111111011000100001111110000100001111110000100001111110
0000000000111111011001000001111111001000001111110001000001111110
0000000000111111011010000001111110010000001111110010000001111110
0000000000111111011100000000110011100000001111110100000001111110
0000000000111111011000000011111110000000011101101000000010110000
0000000000111111011000000101111110000000101111110000000101111110
0000000000111111011000001001111110000001001111110000001001111110
0000000000111111011000010001111110000010001111110000010001111110
0000000000111111011000100001111110000100001111110000100001111110
0000000000111111011001000001111111001000001111110001000001111110
0000000000111111011010000001111110010000001111110010000001111110
0000000000111111011100000000110011100000001111110100000001111110
0000000000111111011000000011111110000000011101101000000010110000
0000000000111111011000000101111110000000101111110000000101111110
0000000000111111011000001001111110000001001111110000001001111110
0000000000111111011000010001111110000010001111110000010001111110
0000000000111111011000100001111110000100001111110000100001111110
0000000000111111011001000001111111001000001111110001000001111110
0000000000111111011010000001111110010000001111110010000001111110
0000000000111111011100000000110011100000001111110100000001111110
0000000000111111011000000011111110000000011101101000000010110000
0000000000111111011000000101111110000000101111110000000101111110
0000000000111111011000001001111110000001001111110000001001111110
0000000000111111011000010001111110000010001111110000010001111110
0000000000111111011000100001111110000100001111110000100001111110
0000000000111111011001000001111111001000001111110001000001111110
0000000000111111011010000001111110010000001111110010000001111110
0000000000111111011100000000110011100000001111110100000001111110
0000000000111111011000000011111110000000011111110000000011111110
0000000000111111011000000101111110000000101111110000000101111110
0000000000111111011000001001111110000001001111110000001001111110
0000000000111111011000010001111110000010001111110000010001111110
0000000000111111011000100001111110000100001111110000100001111110
0000000000111111011001000001111111001000001111110001000001111110
0000000000111111011010000001111110010000001111110010000001111110
0000000000111111011100000000110011100000001111110100000001111110
0000000000111111011000000011111110000000011111110000000011111110
0000000000111111011000000101111110000000101111110000000101111110
0000000000111111011000001001111110000001001111110000001001111110
0000000000111111011000010001111110000010001111110000010001111110
0000000000111111011000100001111110000100001111110000100001111110
0000000000111111011001000001111111001000001111110001000001111110
0000000000111111011010000001111110010000001111110010000001111110
0000000000111111011100000000110011100000001111110100000001111110
0000000000111111011000000011111110000000011111110000000011111110
0000000000111111011000000101111110000000101111110000000101111110
0000000000111111011000001001111110000001001111110000001001111110
0000000000111111011000010001111110000010001111110000010001111110
0000000000111111011000100001111110000100001111110000100001111110
0000000000111111011001000001111111001000001111110001000001111110
0000000000111111011010000001111110010000001111110010000001111110
0000000000111111011100000000110011100000001111110100000001111110
0000000000111111011000000011111110000000011111110000000011111110
0000000000111111011000000101111110000000101111110000000101111110
0000000000111111011000001001111110000001001111110000001001111110
0000000000111111011000010001111110000010001111110000010001111110
0000000000111111011000100001111110000100001111110000100001111110
0000000000111111011001000001111111001000001111110001000001111110
0000000000111111011010000001111110010000001111110010000001111110
0000000000111111011100000000110011100000001111110100000001111110
0000000000111111011000000011111110000000011111110000000011111110
0000000000111111001000000010000000000000010000000000000010000000
0000000000111111001000000010000000000000010000000000000010000000
0000000000111111001000000010000000000000010000000000000010000000
0000000000111111001000000010000000000000010000000000000010000000
0000000000111111001000000010000000000000010000000000000010000000
0000000000111111001000000010000000000000010000000000000010000000
0000000000111111001000000010000000000000010000000000000010000000
0000000000111111001000000010000000000000010000000000000010000000
0000000000111111001000000010000000000000010000000000000010000000
0000000000111111001000000010000000000000010000000000000010000000
0000000000111111001000000010000000000000010000000000000010000000
0000000000111111001000000010000000000000010000000000000010000000
0000000000111111001000000010000000000000010000000000000010000000
0000000000111111001000000010000000000000010000000000000010000000
0000000000111111001000000010000000000000010000000000000010000000
0000000000111111001000000010000000000000010000000000000010000000
0000000000111111001000000010000000000000010000000000000010000000
0000000000111111001000000010000000000000010000000000000010000000
0000000000111111001000000010000000000000010000000000000010000000
0000000000111111001000000010000000000000010000000000000010000000
0000000000111111001000000010000000000000010000000000000010000000
0000000000111111001000000010000000000000010000000000000010000000
0000000000111111001000000010000000000000010000000000000010000000
0000000000111111001000000010000000000000010000000000000010000000
0000000000111111001000000010000000000000010000000000000010000000
0000000000111111001000000010000000000000010000000000000010000000
0000000000111111001000000010000000000000010000000000000010000000
0000000000111111001000000010000000000000010000000000000010000000
0000000000111111001000000010000000000000010000000000000010000000
0000000000111111001000000010000000000000010000000000000010000000
0000000000111111001000000010000000000000010000000000000010000000
0000000000111111001000000010000000000000010000000000000010000000
0000000000111111001000000010000000000000010000000000000010000000
0000000000111111001000000010000000000000010000000000000010000000
0000000000111111001000000010000000000000010000000000000010000000
0000000000111111001000000010000000000000010000000000000010000000
0000000000111111001000000010000000000000010000000000000010000000
0000000000111111001000000010000000000000010000000000000010000000
